// Auto-generated from gnomAD population allele frequency data
// gnomAD v4 | GRCh38 | Data used under https://gnomad.broadinstitute.org/policies

const PANGENOME_DATA = {
  "LCT": {
    "newick": "(African:0.0004,(Middle Eastern:0.0003,((American:0.0000,Finnish:0.0000):0.0002,((Ashkenazi Jewish:0.0000,South Asian:0.0000):0.0001,(East Asian:0.0000,Non-Finnish European:0.0000):0.0000):0.0001):0.0001):0.0002);",
    "description": "Lactase (dairy tolerance adaptation)",
    "populations": [
      "African",
      "American",
      "Ashkenazi Jewish",
      "East Asian",
      "Finnish",
      "Middle Eastern",
      "Non-Finnish European",
      "South Asian"
    ],
    "distanceMatrix": [
      [
        0.0,
        0.000595,
        0.000968,
        0.00087,
        0.000559,
        0.001337,
        0.000794,
        0.001029
      ],
      [
        0.000595,
        0.0,
        0.000373,
        0.000274,
        3.6e-05,
        0.000742,
        0.000199,
        0.000434
      ],
      [
        0.000968,
        0.000373,
        0.0,
        9.8e-05,
        0.000409,
        0.000369,
        0.000174,
        6.1e-05
      ],
      [
        0.00087,
        0.000274,
        9.8e-05,
        0.0,
        0.000311,
        0.000467,
        7.6e-05,
        0.000159
      ],
      [
        0.000559,
        3.6e-05,
        0.000409,
        0.000311,
        0.0,
        0.000778,
        0.000235,
        0.00047
      ],
      [
        0.001337,
        0.000742,
        0.000369,
        0.000467,
        0.000778,
        0.0,
        0.000543,
        0.000308
      ],
      [
        0.000794,
        0.000199,
        0.000174,
        7.6e-05,
        0.000235,
        0.000543,
        0.0,
        0.000235
      ],
      [
        0.001029,
        0.000434,
        6.1e-05,
        0.000159,
        0.00047,
        0.000308,
        0.000235,
        0.0
      ]
    ],
    "popAFs": {
      "African": 0.003012,
      "American": 0.002417,
      "Ashkenazi Jewish": 0.002044,
      "East Asian": 0.002142,
      "Finnish": 0.002453,
      "Middle Eastern": 0.001675,
      "Non-Finnish European": 0.002218,
      "South Asian": 0.001983
    }
  },
  "EPAS1": {
    "newick": "(African:0.0005,(((Ashkenazi Jewish:0.0000,Finnish:0.0000):0.0000,(South Asian:0.0000,(Middle Eastern:0.0000,Non-Finnish European:0.0000):0.0000):0.0000):0.0001,(American:0.0001,East Asian:0.0001):0.0001):0.0004);",
    "description": "HIF2\u03b1 (high-altitude adaptation)",
    "populations": [
      "African",
      "American",
      "Ashkenazi Jewish",
      "East Asian",
      "Finnish",
      "Middle Eastern",
      "Non-Finnish European",
      "South Asian"
    ],
    "distanceMatrix": [
      [
        0.0,
        0.000895,
        0.001033,
        0.000787,
        0.001018,
        0.001087,
        0.001081,
        0.001132
      ],
      [
        0.000895,
        0.0,
        0.000138,
        0.000108,
        0.000123,
        0.000192,
        0.000186,
        0.000237
      ],
      [
        0.001033,
        0.000138,
        0.0,
        0.000246,
        1.5e-05,
        5.4e-05,
        4.8e-05,
        0.0001
      ],
      [
        0.000787,
        0.000108,
        0.000246,
        0.0,
        0.00023,
        0.0003,
        0.000294,
        0.000345
      ],
      [
        0.001018,
        0.000123,
        1.5e-05,
        0.00023,
        0.0,
        6.9e-05,
        6.3e-05,
        0.000115
      ],
      [
        0.001087,
        0.000192,
        5.4e-05,
        0.0003,
        6.9e-05,
        0.0,
        6e-06,
        4.6e-05
      ],
      [
        0.001081,
        0.000186,
        4.8e-05,
        0.000294,
        6.3e-05,
        6e-06,
        0.0,
        5.1e-05
      ],
      [
        0.001132,
        0.000237,
        0.0001,
        0.000345,
        0.000115,
        4.6e-05,
        5.1e-05,
        0.0
      ]
    ],
    "popAFs": {
      "African": 0.001785,
      "American": 0.00089,
      "Ashkenazi Jewish": 0.000752,
      "East Asian": 0.000998,
      "Finnish": 0.000767,
      "Middle Eastern": 0.000698,
      "Non-Finnish European": 0.000704,
      "South Asian": 0.000652
    }
  },
  "HLA-A": {
    "newick": "((Finnish:0.0003,Non-Finnish European:0.0003):0.0011,((American:0.0004,(African:0.0001,East Asian:0.0001):0.0003):0.0004,(Middle Eastern:0.0005,(Ashkenazi Jewish:0.0002,South Asian:0.0002):0.0003):0.0004):0.0006);",
    "description": "HLA Class I (immune recognition)",
    "populations": [
      "African",
      "American",
      "Ashkenazi Jewish",
      "East Asian",
      "Finnish",
      "Middle Eastern",
      "Non-Finnish European",
      "South Asian"
    ],
    "distanceMatrix": [
      [
        0.0,
        0.000689,
        0.00171,
        0.000291,
        0.004208,
        0.002464,
        0.003578,
        0.001389
      ],
      [
        0.000689,
        0.0,
        0.001021,
        0.00098,
        0.003519,
        0.001775,
        0.002889,
        0.0007
      ],
      [
        0.00171,
        0.001021,
        0.0,
        0.002001,
        0.002498,
        0.000754,
        0.001867,
        0.000321
      ],
      [
        0.000291,
        0.00098,
        0.002001,
        0.0,
        0.004499,
        0.002755,
        0.003868,
        0.00168
      ],
      [
        0.004208,
        0.003519,
        0.002498,
        0.004499,
        0.0,
        0.001744,
        0.000631,
        0.002819
      ],
      [
        0.002464,
        0.001775,
        0.000754,
        0.002755,
        0.001744,
        0.0,
        0.001114,
        0.001075
      ],
      [
        0.003578,
        0.002889,
        0.001867,
        0.003868,
        0.000631,
        0.001114,
        0.0,
        0.002188
      ],
      [
        0.001389,
        0.0007,
        0.000321,
        0.00168,
        0.002819,
        0.001075,
        0.002188,
        0.0
      ]
    ],
    "popAFs": {
      "African": 0.006454,
      "American": 0.005765,
      "Ashkenazi Jewish": 0.004744,
      "East Asian": 0.006745,
      "Finnish": 0.002246,
      "Middle Eastern": 0.00399,
      "Non-Finnish European": 0.002877,
      "South Asian": 0.005065
    }
  },
  "GAPDH": {
    "newick": "(African:0.0006,((American:0.0001,East Asian:0.0001):0.0001,((Ashkenazi Jewish:0.0000,Middle Eastern:0.0000):0.0001,(Finnish:0.0001,(Non-Finnish European:0.0000,South Asian:0.0000):0.0001):0.0001):0.0001):0.0004);",
    "description": "GAPDH (housekeeping control)",
    "populations": [
      "African",
      "American",
      "Ashkenazi Jewish",
      "East Asian",
      "Finnish",
      "Middle Eastern",
      "Non-Finnish European",
      "South Asian"
    ],
    "distanceMatrix": [
      [
        0.0,
        0.001038,
        0.001507,
        0.000842,
        0.001187,
        0.001538,
        0.00134,
        0.001311
      ],
      [
        0.001038,
        0.0,
        0.000469,
        0.000196,
        0.000149,
        0.000501,
        0.000302,
        0.000273
      ],
      [
        0.001507,
        0.000469,
        0.0,
        0.000664,
        0.00032,
        3.2e-05,
        0.000167,
        0.000196
      ],
      [
        0.000842,
        0.000196,
        0.000664,
        0.0,
        0.000345,
        0.000696,
        0.000498,
        0.000469
      ],
      [
        0.001187,
        0.000149,
        0.00032,
        0.000345,
        0.0,
        0.000351,
        0.000153,
        0.000124
      ],
      [
        0.001538,
        0.000501,
        3.2e-05,
        0.000696,
        0.000351,
        0.0,
        0.000199,
        0.000227
      ],
      [
        0.00134,
        0.000302,
        0.000167,
        0.000498,
        0.000153,
        0.000199,
        0.0,
        2.9e-05
      ],
      [
        0.001311,
        0.000273,
        0.000196,
        0.000469,
        0.000124,
        0.000227,
        2.9e-05,
        0.0
      ]
    ],
    "popAFs": {
      "African": 0.001891,
      "American": 0.000853,
      "Ashkenazi Jewish": 0.000384,
      "East Asian": 0.001048,
      "Finnish": 0.000703,
      "Middle Eastern": 0.000352,
      "Non-Finnish European": 0.000551,
      "South Asian": 0.00058
    }
  },
  "MAPT": {
    "newick": "((Ashkenazi Jewish:0.0001,(Non-Finnish European:0.0000,(American:0.0000,Middle Eastern:0.0000):0.0000):0.0001):0.0002,(African:0.0002,(East Asian:0.0001,(Finnish:0.0000,South Asian:0.0000):0.0001):0.0001):0.0001);",
    "description": "Microtubule-associated protein tau",
    "populations": [
      "African",
      "American",
      "Ashkenazi Jewish",
      "East Asian",
      "Finnish",
      "Middle Eastern",
      "Non-Finnish European",
      "South Asian"
    ],
    "distanceMatrix": [
      [
        0.0,
        0.000286,
        0.000549,
        0.000471,
        0.000207,
        0.000279,
        0.000339,
        0.000298
      ],
      [
        0.000286,
        0.0,
        0.000263,
        0.000757,
        0.000493,
        6e-06,
        5.3e-05,
        0.000584
      ],
      [
        0.000549,
        0.000263,
        0.0,
        0.00102,
        0.000756,
        0.000269,
        0.000209,
        0.000847
      ],
      [
        0.000471,
        0.000757,
        0.00102,
        0.0,
        0.000264,
        0.000751,
        0.00081,
        0.000173
      ],
      [
        0.000207,
        0.000493,
        0.000756,
        0.000264,
        0.0,
        0.000487,
        0.000547,
        9.1e-05
      ],
      [
        0.000279,
        6e-06,
        0.000269,
        0.000751,
        0.000487,
        0.0,
        6e-05,
        0.000578
      ],
      [
        0.000339,
        5.3e-05,
        0.000209,
        0.00081,
        0.000547,
        6e-05,
        0.0,
        0.000638
      ],
      [
        0.000298,
        0.000584,
        0.000847,
        0.000173,
        9.1e-05,
        0.000578,
        0.000638,
        0.0
      ]
    ],
    "popAFs": {
      "African": 0.000829,
      "American": 0.001115,
      "Ashkenazi Jewish": 0.001378,
      "East Asian": 0.000358,
      "Finnish": 0.000622,
      "Middle Eastern": 0.001108,
      "Non-Finnish European": 0.001168,
      "South Asian": 0.000531
    }
  }
};
